150    0.10
151    0.10
152    0.10
153    0.10
154    0.10
155    0.10
156    0.10
157    0.10
158    0.10
159    0.10
160    0.10
161    0.10
162    0.10
163    0.11
164    0.11
165    0.11
166    0.11
167    0.11
168    0.11
169    0.11
170    0.11
171    0.11
172    0.11
173    0.11
174    0.11
175    0.11
176    0.11
177    0.11
178    0.11
179    0.11
180    0.12
181    0.12
182    0.12
183    0.12
184    0.12
185    0.12
186    0.12
187    0.12
188    0.12
189    0.12
190    0.12
191    0.13
192    0.13
193    0.13
194    0.13
195    0.13
196    0.13
197    0.13
198    0.13
199    0.13
200    0.13
201    0.14
202    0.14
203    0.14
204    0.14
205    0.14
206    0.14
207    0.14
208    0.14
209    0.14
210    0.14
211    0.14
212    0.15
213    0.15
214    0.15
215    0.15
216    0.15
217    0.16
218    0.16
219    0.16
220    0.16
221    0.16
222    0.16
223    0.16
224    0.17
225    0.17
226    0.17
227    0.17
228    0.17
229    0.17
230    0.17
231    0.17
232    0.17
233    0.17
234    0.17
235    0.17
236    0.17
237    0.17
238    0.18
239    0.18
240    0.18
241    0.19
242    0.19
243    0.20
244    0.20
245    0.20
246    0.20
247    0.21
248    0.21
249    0.21
250    0.21
251    0.21
252    0.22
253    0.22
254    0.22
255    0.23
256    0.24
257    0.24
258    0.25
259    0.25
260    0.25
261    0.25
262    0.26
263    0.26
264    0.27
265    0.27
266    0.28
267    0.28
268    0.29
269    0.28
270    0.29
271    0.29
272    0.30
273    0.30
274    0.30
275    0.30
276    0.31
277    0.31
278    0.32
279    0.32
280    0.33
281    0.33
282    0.33
283    0.34
284    0.34
285    0.35
286    0.36
287    0.38
288    0.39
289    0.40
290    0.40
291    0.40
292    0.40
293    0.41
294    0.41
295    0.43
296    0.44
297    0.45
298    0.46
299    0.47
300    0.47
301    0.47
302    0.47
303    0.48
304    0.49
305    0.50
306    0.51
307    0.51
308    0.51
309    0.52
310    0.52
311    0.54
312    0.54
313    0.55
314    0.57
315    0.57
316    0.57
317    0.58
318    0.58
319    0.59
320    0.60
321    0.62
322    0.62
323    0.66
324    0.66
325    0.67
326    0.67
327    0.67
328    0.71
329    0.71
330    0.71
331    0.71
332    0.71
333    0.72
334    0.72
335    0.72
336    0.72
337    0.73
338    0.75
339    0.76
340    0.77
341    0.77
342    0.78
343    0.78
344    0.81
345    0.83
346    0.83
347    0.85
348    0.85
349    0.86
350    0.87
351    0.87
352    0.87
353    0.88
354    0.88
355    0.89
356    0.90
357    0.90
358    0.91
359    0.92
360    0.92
361    0.94
362    0.94
363    0.94
364    0.95
365    0.97
366    0.96
367    0.93
368    0.98
369    0.93
370    0.97
371    0.97
372    0.98
373    0.99
374    0.99
375    0.99
376    1.00
377    0.99
378    0.99
379    0.99
380    0.99
381    0.98
382    0.98
383    0.98
384    0.97
385    0.97
386    0.97
387    0.97
388    0.95
389    0.95
390    0.95
391    0.94
392    0.93
393    0.93
394    0.92
395    0.92
396    0.92
397    0.92
398    0.92
399    0.91
400    0.91
401    0.91
402    0.91
403    0.91
404    0.88
405    0.84
406    0.83
407    0.83
408    0.82
409    0.80
410    0.80
411    0.78
412    0.77
413    0.77
414    0.75
415    0.74
416    0.74
417    0.73
418    0.72
419    0.70
420    0.67
421    0.67
422    0.66
423    0.65
424    0.64
425    0.64
426    0.62
427    0.61
428    0.60
429    0.55
430    0.55
431    0.55
432    0.52
433    0.49
434    0.48
435    0.46
436    0.46
437    0.44
438    0.43
439    0.40
440    0.40
441    0.40
442    0.39
443    0.35
444    0.33
445    0.33
446    0.32
447    0.30
448    0.30
449    0.27
450    0.27
451    0.26
452    0.26
453    0.24
454    0.23
455    0.22
456    0.22
457    0.21
458    0.19
459    0.18
460    0.18
461    0.18
462    0.18
463    0.16
464    0.15
465    0.14
466    0.14
467    0.13
468    0.13
469    0.13
470    0.12
471    0.11
472    0.11
473    0.10
474    0.10
475    0.10
476    0.08
477    0.08
478    0.08
479    0.08
480    0.07
481    0.07
482    0.07
483    0.07
484    0.07
485    0.06
486    0.06
487    0.06
488    0.06
489    0.05
490    0.05
491    0.05
492    0.04
493    0.04
494    0.04
495    0.04
496    0.03
497    0.03
498    0.03
499    0.03
500    0.03
501    0.03
502    0.03
503    0.03
504    0.03
505    0.03
506    0.03
507    0.02
508    0.02
509    0.02
510    0.02
511    0.02
512    0.02
513    0.02
514    0.02
515    0.02
516    0.02
517    0.02
518    0.02
519    0.02
520    0.02
521    0.02
522    0.02
523    0.02
524    0.02
525    0.02
526    0.02
527    0.02
528    0.02
529    0.02
530    0.02
531    0.02
532    0.02
533    0.02
534    0.02
535    0.02
536    0.02
537    0.02
538    0.02
539    0.02
540    0.02
541    0.02
542    0.02
543    0.02
544    0.03
545    0.03
546    0.03
547    0.03
548    0.03
549    0.03
550    0.03
551    0.03
552    0.03
553    0.03
554    0.04
555    0.04
556    0.04
557    0.04
558    0.04
559    0.04
560    0.04
561    0.05
562    0.05
563    0.05
564    0.05
565    0.05
566    0.05
567    0.06
568    0.07
569    0.07
570    0.07
571    0.07
572    0.07
573    0.08
574    0.08
575    0.08
576    0.09
577    0.09
578    0.09
579    0.09
580    0.09
581    0.09
582    0.10
583    0.10
584    0.10
585    0.11
586    0.10
587    0.10
588    0.10
589    0.10
590    0.09
591    0.10
592    0.10
593    0.10
594    0.10
595    0.10
596    0.11
597    0.11
598    0.11
599    0.11
600    0.11
601    0.11
602    0.11
603    0.11
604    0.11
605    0.11
606    0.11
607    0.11
608    0.11
609    0.11
610    0.11
611    0.11
612    0.11
613    0.11
614    0.11
615    0.11
616    0.11
617    0.11
618    0.11
619    0.11
620    0.11
621    0.11
622    0.11
623    0.11
624    0.11
625    0.11
626    0.11
627    0.11
628    0.11
629    0.11
630    0.11
631    0.11
632    0.11
633    0.11
634    0.11
635    0.11
636    0.11
637    0.11
638    0.11
639    0.11
640    0.11
641    0.11
642    0.11
643    0.11
644    0.11
645    0.11
646    0.11
647    0.11
648    0.11
649    0.11
650    0.11
651    0.11
652    0.11
653    0.11
654    0.10
655    0.10
656    0.10
657    0.10
658    0.10
659    0.10
660    0.10
661    0.10
662    0.10
663    0.10
664    0.10
665    0.10
666    0.10
667    0.10
668    0.10
669    0.10
670    0.10
671    0.10
672    0.10
673    0.10
674    0.10
675    0.10
676    0.10
677    0.10
678    0.10
679    0.10
680    0.10
681    0.10
682    0.10
683    0.10
684    0.10
685    0.10
686    0.10
687    0.10
688    0.10
689    0.10
690    0.10
691    0.10
692    0.10
693    0.10
694    0.10
695    0.10
696    0.10
697    0.10
698    0.10
699    0.10
