300    0.15
301    0.15
302    0.15
303    0.15
304    0.15
305    0.15
306    0.15
307    0.15
308    0.15
309    0.15
310    0.15
311    0.15
312    0.16
313    0.16
314    0.16
315    0.16
316    0.16
317    0.16
318    0.16
319    0.16
320    0.16
321    0.16
322    0.16
323    0.17
324    0.17
325    0.16
326    0.15
327    0.16
328    0.16
329    0.16
330    0.15
331    0.16
332    0.17
333    0.16
334    0.16
335    0.17
336    0.18
337    0.17
338    0.17
339    0.19
340    0.17
341    0.18
342    0.17
343    0.18
344    0.19
345    0.18
346    0.19
347    0.20
348    0.19
349    0.18
350    0.19
351    0.18
352    0.18
353    0.21
354    0.19
355    0.20
356    0.19
357    0.19
358    0.20
359    0.20
360    0.19
361    0.19
362    0.19
363    0.20
364    0.19
365    0.19
366    0.19
367    0.19
368    0.20
369    0.20
370    0.21
371    0.20
372    0.20
373    0.20
374    0.21
375    0.21
376    0.21
377    0.22
378    0.20
379    0.22
380    0.22
381    0.21
382    0.22
383    0.21
384    0.21
385    0.22
386    0.22
387    0.24
388    0.21
389    0.21
390    0.22
391    0.23
392    0.22
393    0.21
394    0.23
395    0.22
396    0.23
397    0.22
398    0.23
399    0.23
400    0.23
401    0.25
402    0.24
403    0.23
404    0.24
405    0.23
406    0.23
407    0.23
408    0.24
409    0.25
410    0.23
411    0.24
412    0.24
413    0.22
414    0.21
415    0.20
416    0.19
417    0.19
418    0.19
419    0.18
420    0.17
421    0.17
422    0.15
423    0.14
424    0.12
425    0.12
426    0.11
427    0.09
428    0.09
429    0.08
430    0.08
431    0.08
432    0.07
433    0.06
434    0.06
435    0.06
436    0.06
437    0.06
438    0.06
439    0.05
440    0.05
441    0.04
442    0.04
443    0.04
444    0.04
445    0.04
446    0.04
447    0.04
448    0.04
449    0.04
450    0.04
451    0.04
452    0.04
453    0.04
454    0.03
455    0.03
456    0.03
457    0.03
458    0.03
459    0.03
460    0.03
461    0.03
462    0.03
463    0.03
464    0.03
465    0.03
466    0.03
467    0.03
468    0.03
469    0.03
470    0.03
471    0.03
472    0.03
473    0.03
474    0.03
475    0.03
476    0.03
477    0.03
478    0.03
479    0.03
480    0.03
481    0.03
482    0.04
483    0.04
484    0.04
485    0.04
486    0.04
487    0.05
488    0.05
489    0.05
490    0.05
491    0.05
492    0.05
493    0.05
494    0.06
495    0.06
496    0.06
497    0.06
498    0.06
499    0.06
500    0.06
501    0.06
502    0.06
503    0.06
504    0.06
505    0.06
506    0.06
507    0.06
508    0.07
509    0.07
510    0.07
511    0.07
512    0.08
513    0.09
514    0.09
515    0.09
516    0.09
517    0.11
518    0.11
519    0.12
520    0.13
521    0.13
522    0.13
523    0.14
524    0.14
525    0.15
526    0.15
527    0.15
528    0.17
529    0.17
530    0.18
531    0.19
532    0.20
533    0.20
534    0.20
535    0.20
536    0.22
537    0.22
538    0.24
539    0.25
540    0.25
541    0.25
542    0.26
543    0.26
544    0.30
545    0.32
546    0.32
547    0.32
548    0.32
549    0.34
550    0.37
551    0.37
552    0.40
553    0.42
554    0.42
555    0.44
556    0.44
557    0.45
558    0.47
559    0.48
560    0.48
561    0.48
562    0.50
563    0.51
564    0.52
565    0.52
566    0.54
567    0.55
568    0.57
569    0.57
570    0.59
571    0.60
572    0.62
573    0.64
574    0.67
575    0.68
576    0.69
577    0.69
578    0.69
579    0.70
580    0.74
581    0.74
582    0.74
583    0.74
584    0.76
585    0.76
586    0.76
587    0.79
588    0.79
589    0.80
590    0.81
591    0.84
592    0.84
593    0.86
594    0.86
595    0.86
596    0.87
597    0.87
598    0.89
599    0.90
600    0.91
601    0.91
602    0.92
603    0.93
604    0.94
605    0.96
606    0.96
607    0.96
608    0.96
609    0.96
610    0.96
611    0.96
612    0.97
613    0.97
614    0.97
615    0.97
616    0.97
617    0.97
618    0.97
619    0.97
620    0.97
621    0.97
622    0.97
623    0.97
624    0.97
625    0.97
626    0.97
627    0.97
628    0.97
629    0.97
630    0.98
631    0.98
632    1.00
633    0.96
634    0.95
635    0.95
636    0.93
637    0.91
638    0.91
639    0.90
640    0.89
641    0.88
642    0.88
643    0.87
644    0.87
645    0.87
646    0.84
647    0.84
648    0.83
649    0.83
650    0.83
651    0.83
652    0.82
653    0.82
654    0.82
655    0.78
656    0.78
657    0.78
658    0.78
659    0.75
660    0.75
661    0.75
662    0.75
663    0.74
664    0.73
665    0.72
666    0.72
667    0.71
668    0.70
669    0.68
670    0.68
671    0.68
672    0.67
673    0.66
674    0.64
675    0.63
676    0.63
677    0.63
678    0.61
679    0.60
680    0.60
681    0.59
682    0.57
683    0.57
684    0.56
685    0.56
686    0.54
687    0.53
688    0.53
689    0.53
690    0.52
691    0.51
692    0.51
693    0.51
694    0.50
695    0.50
696    0.49
697    0.48
698    0.48
699    0.47
700    0.47
701    0.47
702    0.46
703    0.45
704    0.44
705    0.44
706    0.43
707    0.43
708    0.42
709    0.41
710    0.40
711    0.40
712    0.39
713    0.39
714    0.37
715    0.37
716    0.36
717    0.36
718    0.36
719    0.36
720    0.35
721    0.35
722    0.35
723    0.34
724    0.34
725    0.33
726    0.33
727    0.33
728    0.33
729    0.32
730    0.31
731    0.31
732    0.31
733    0.30
734    0.30
735    0.30
736    0.29
737    0.29
738    0.28
739    0.28
740    0.27
741    0.26
742    0.25
743    0.25
744    0.24
745    0.24
746    0.24
747    0.24
748    0.24
749    0.24
750    0.24
751    0.24
752    0.24
753    0.24
754    0.24
755    0.23
756    0.23
757    0.23
758    0.23
759    0.23
760    0.23
761    0.22
762    0.22
763    0.22
764    0.22
765    0.22
766    0.22
767    0.21
768    0.21
769    0.21
770    0.21
771    0.21
772    0.20
773    0.20
774    0.20
775    0.19
776    0.19
777    0.19
778    0.19
779    0.19
780    0.19
781    0.19
782    0.19
783    0.19
784    0.19
785    0.19
786    0.19
787    0.18
788    0.18
789    0.18
790    0.18
791    0.18
792    0.18
793    0.18
794    0.18
795    0.18
796    0.18
797    0.18
798    0.17
799    0.17
800    0.17
801    0.17
802    0.17
803    0.17
804    0.17
805    0.17
806    0.17
807    0.17
808    0.17
809    0.16
810    0.16
811    0.16
812    0.16
813    0.16
814    0.16
815    0.16
816    0.16
817    0.16
818    0.15
819    0.15
820    0.15
821    0.16
822    0.15
823    0.15
824    0.15
825    0.15
826    0.15
827    0.15
828    0.15
829    0.15
830    0.15
831    0.15
832    0.15
833    0.14
834    0.14
835    0.14
836    0.14
837    0.14
838    0.14
839    0.14
840    0.14
841    0.14
842    0.14
843    0.14
844    0.14
845    0.14
846    0.14
847    0.14
848    0.14
849    0.14
